time 0.05 0.02 0.01 0.005
0.00 1.013 1.003 1.015 1.001
0.03 0.847 0.929 0.981 0.979
0.06 0.681 0.866 0.922 0.968
0.08 0.586 0.809 0.895 0.928
0.11 0.476 0.752 0.863 0.935
0.14 0.379 0.703 0.850 0.940
0.17 0.320 0.649 0.812 0.909
0.19 0.251 0.603 0.788 0.892
0.22 0.201 0.557 0.742 0.858
0.25 0.146 0.509 0.737 0.842
0.28 0.124 0.483 0.711 0.824
0.31 0.102 0.438 0.670 0.839
0.33 0.084 0.391 0.659 0.812
0.36 0.056 0.374 0.621 0.799
0.39 0.036 0.324 0.599 0.787
0.42 0.037 0.316 0.580 0.771
0.44 0.038 0.301 0.569 0.765
0.47 0.016 0.273 0.540 0.724
0.50 0.026 0.231 0.527 0.715
0.53 0.003 0.229 0.496 0.721
0.56 0.034 0.204 0.483 0.701
0.58 0.004 0.172 0.447 0.679
0.61 0.003 0.169 0.437 0.683
0.64 0.031 0.159 0.417 0.681
0.67 0.007 0.144 0.416 0.657
0.69 0.009 0.122 0.379 0.650
0.72 0.002 0.112 0.372 0.612
0.75 -0.003 0.110 0.364 0.607
0.78 -0.012 0.108 0.345 0.596
0.81 0.003 0.092 0.337 0.620
0.83 -0.018 0.075 0.307 0.574
0.86 -0.005 0.079 0.326 0.559
0.89 -0.006 0.073 0.293 0.578
0.92 -0.017 0.047 0.283 0.553
0.94 0.002 0.053 0.270 0.534
0.97 -0.009 0.053 0.236 0.521
1.00 0.004 0.042 0.237 0.513
1.03 -0.008 0.057 0.246 0.512
1.06 0.026 0.041 0.218 0.493
1.08 -0.006 0.028 0.218 0.476
1.11 0.009 0.010 0.191 0.473
1.14 -0.014 0.033 0.194 0.457
1.17 0.006 0.017 0.188 0.454
1.19 0.010 0.026 0.173 0.459
1.22 0.014 0.015 0.175 0.443
1.25 0.014 0.013 0.160 0.431
1.28 0.002 0.020 0.148 0.406
1.31 0.004 0.021 0.150 0.418
1.33 0.000 0.016 0.146 0.410
1.36 0.002 0.001 0.129 0.384
1.39 0.009 0.010 0.116 0.397
1.42 0.010 0.006 0.107 0.378
1.44 0.007 0.026 0.117 0.369
1.47 0.012 0.019 0.097 0.369
1.50 0.006 0.005 0.099 0.365
1.53 0.008 0.008 0.105 0.344
1.56 0.012 0.002 0.099 0.359
1.58 0.009 0.002 0.080 0.332
1.61 0.009 0.008 0.087 0.319
1.64 0.008 0.010 0.079 0.323
1.67 0.001 0.019 0.076 0.305
1.69 0.008 0.006 0.071 0.320
1.72 0.003 0.015 0.053 0.290
1.75 0.006 0.022 0.071 0.287
1.78 0.010 0.000 0.062 0.288
1.81 0.010 0.008 0.068 0.285
1.83 0.009 0.013 0.057 0.264
1.86 0.006 0.001 0.060 0.267
1.89 0.005 0.007 0.052 0.231
1.92 0.008 0.003 0.060 0.261
1.94 0.003 0.002 0.034 0.254
1.97 0.023 0.015 0.047 0.232
2.00 0.005 0.005 0.046 0.243
2.03 0.007 0.004 0.048 0.226
2.06 0.002 0.021 0.042 0.228
2.08 0.009 0.013 0.050 0.224
2.11 0.006 0.011 0.042 0.219
2.14 0.007 0.018 0.034 0.202
2.17 0.003 0.001 0.045 0.208
2.19 0.008 0.008 0.051 0.197
2.22 0.005 0.010 0.033 0.196
2.25 0.006 0.013 0.022 0.200
2.28 0.007 0.004 0.019 0.197
2.31 0.009 0.010 0.028 0.199
2.33 0.011 0.004 0.001 0.182
2.36 0.010 0.003 0.013 0.165
2.39 0.013 0.004 0.024 0.181
2.42 0.000 0.003 0.023 0.169
2.44 0.000 0.009 0.010 0.150
2.47 0.001 0.012 0.011 0.164
2.50 0.004 0.005 0.046 0.154
2.53 0.005 0.003 0.007 0.157
2.56 0.010 0.014 0.029 0.170
2.58 0.004 0.006 0.031 0.145
2.61 0.001 0.002 0.007 0.167
2.64 0.002 0.001 0.024 0.145
2.67 0.002 0.016 0.004 0.132
2.69 0.010 0.014 0.032 0.131
2.72 0.009 0.003 0.004 0.127
2.75 0.014 0.008 0.013 0.124
2.78 0.003 0.006 0.005 0.124
2.81 0.010 0.001 0.000 0.112
2.83 0.009 0.007 0.031 0.113
2.86 0.009 0.003 0.005 0.109
2.89 0.003 0.003 0.013 0.120
2.92 0.004 0.022 0.020 0.137
2.94 0.022 0.017 0.001 0.110
2.97 0.004 0.011 0.013 0.091
3.00 0.003 0.009 0.007 0.102
3.03 0.006 0.005 0.021 0.133
3.06 0.020 0.010 0.007 0.110
3.08 0.010 0.005 0.003 0.111
3.11 0.003 0.002 0.012 0.084
3.14 0.015 0.015 0.041 0.093
3.17 0.011 0.012 0.022 0.068
3.19 0.006 0.016 0.009 0.087
3.22 0.002 0.012 0.005 0.085
3.25 0.014 0.006 0.006 0.083
3.28 0.010 0.017 0.003 0.090
3.31 0.007 0.017 0.004 0.068
3.33 0.006 0.002 0.006 0.078
3.36 0.005 0.017 0.008 0.072
3.39 0.018 0.008 0.005 0.079
3.42 0.001 0.008 0.004 0.056
3.44 0.001 0.004 0.009 0.071
3.47 0.017 0.006 0.010 0.088
3.50 0.003 0.005 0.006 0.056
3.53 0.000 0.007 0.013 0.054
3.56 0.016 0.013 0.007 0.072
3.58 0.014 0.005 0.009 0.053
3.61 0.005 0.010 0.011 0.050
3.64 0.006 0.019 0.006 0.054
3.67 0.001 0.005 0.006 0.051
3.69 0.006 0.008 0.004 0.056
3.72 0.003 0.008 0.008 0.047
3.75 0.001 0.000 0.002 0.064
3.78 0.006 0.035 0.005 0.049
3.81 0.005 0.004 0.008 0.056
3.83 0.022 0.012 0.006 0.047
3.86 0.008 0.002 0.000 0.048
3.89 0.019 0.016 0.003 0.055
3.92 0.010 0.000 0.012 0.061
3.94 0.005 0.003 0.008 0.047
3.97 0.029 0.003 0.002 0.037
4.00 0.012 0.003 0.011 0.046
4.03 0.011 0.007 0.001 0.040
4.06 0.012 0.005 0.003 0.044
4.08 0.000 0.011 0.002 0.057
4.11 0.025 0.011 0.014 0.039
4.14 0.017 0.004 0.001 0.048
4.17 0.008 0.006 0.005 0.044
4.19 0.003 0.007 0.015 0.025
4.22 0.006 0.001 0.002 0.040
4.25 0.000 0.017 0.000 0.018
4.28 0.000 0.017 0.011 0.036
4.31 0.002 0.006 0.009 0.034
4.33 0.003 0.002 0.001 0.056
4.36 0.021 0.002 0.013 0.048
4.39 0.002 0.001 0.003 0.034
4.42 0.008 0.004 0.010 0.019
4.44 0.005 0.007 0.015 0.028
4.47 0.000 0.005 0.013 0.034
4.50 0.001 0.005 0.013 0.036
4.53 0.002 0.009 0.010 0.004
4.56 0.001 0.025 0.005 0.028
4.58 0.006 0.013 0.005 0.008
4.61 0.009 0.015 0.009 0.018
4.64 0.001 0.010 0.021 0.014
4.67 0.008 0.001 0.000 0.022
4.69 0.001 0.006 0.011 0.028
4.72 0.018 0.000 0.002 0.022
4.75 0.014 0.003 0.003 0.034
4.78 0.003 0.005 0.010 0.021
4.81 0.018 0.011 0.004 0.030
4.83 0.008 0.017 0.000 0.016
4.86 0.003 0.000 0.007 0.024
4.89 0.008 0.008 0.007 0.011
4.92 0.008 0.016 0.014 0.019
4.94 0.011 0.006 0.008 0.020
4.97 0.010 0.015 0.002 0.028
5.00 0.006 0.003 0.009 0.013
5.03 0.003 0.006 0.004 0.029
5.06 0.004 0.001 0.011 0.006
5.08 0.009 0.007 0.008 0.016
5.11 0.003 0.003 0.008 0.008
5.14 0.008 0.012 0.010 0.005
5.17 0.001 0.000 0.010 0.011
5.19 0.005 0.006 0.017 0.029
5.22 0.000 0.013 0.018 0.024
5.25 0.011 0.010 0.006 0.024
5.28 0.006 0.000 0.018 0.043
5.31 0.008 0.005 0.016 0.013
5.33 0.001 0.010 0.010 0.011
5.36 0.004 0.011 0.002 0.010
5.39 0.002 0.014 0.000 0.008
5.42 0.004 0.002 0.013 0.008
5.44 0.009 0.008 0.011 0.024
5.47 0.004 0.001 0.008 0.000
5.50 0.009 0.001 0.007 0.013
5.53 0.009 0.000 0.017 0.013
5.56 0.012 0.003 0.005 0.007
5.58 0.017 0.005 0.017 0.018
5.61 0.003 0.011 0.007 0.026
5.64 0.004 0.003 0.020 0.005
5.67 0.000 0.010 0.003 0.012
5.69 0.008 0.000 0.003 0.020
5.72 0.013 0.004 0.002 0.006
5.75 0.008 0.006 0.004 0.007
5.78 0.023 0.015 0.002 0.004
5.81 0.005 0.004 0.017 0.005
5.83 0.003 0.023 0.012 0.021
5.86 0.021 0.007 0.014 0.023
5.89 0.009 0.008 0.001 0.009
5.92 0.006 0.009 0.002 0.003
5.94 0.005 0.007 0.005 0.033
5.97 0.021 0.005 0.024 0.025
6.00 0.006 0.002 0.001 0.001
6.03 0.004 0.013 0.011 0.004
6.06 0.003 0.017 0.005 0.002
6.08 0.012 0.005 0.015 0.002
6.11 0.021 0.001 0.004 0.002
6.14 0.001 0.008 0.012 0.022
6.17 0.011 0.003 0.001 0.019
6.19 0.002 0.012 0.002 0.005
6.22 0.014 0.002 0.005 0.012
6.25 0.000 0.002 0.002 0.012
6.28 0.008 0.031 0.004 0.012
6.31 0.009 0.010 0.001 0.002
6.33 0.018 0.008 0.014 0.013
6.36 0.002 0.002 0.005 0.007
6.39 0.008 0.004 0.010 0.021
6.42 0.002 0.012 0.004 0.008
6.44 0.012 0.014 0.010 0.000
6.47 0.008 0.001 0.003 0.017
6.50 0.006 0.006 0.008 0.012
6.53 0.017 0.006 0.002 0.013
6.56 0.007 0.011 0.008 0.025
6.58 0.012 0.013 0.005 0.029
6.61 0.001 0.001 0.003 0.001
6.64 0.010 0.000 0.002 0.018
6.67 0.004 0.006 0.011 0.010
6.69 0.006 0.004 0.008 0.011
6.72 0.012 0.005 0.015 0.009
6.75 0.005 0.016 0.006 0.008
6.78 -0.007 0.000 0.001 -0.004
6.81 -0.012 -0.018 -0.002 0.001
6.83 0.016 0.001 0.007 -0.011
6.86 0.008 -0.007 0.020 -0.004
6.89 0.005 0.009 -0.003 0.014
6.92 0.000 0.003 0.011 -0.006
6.94 0.005 -0.009 0.008 -0.001
